# APR (1-D) cold beta-eq:  nb[fm^-3]  rho[g/cm^3]  P[dyn/cm^2]
7.924059598670080399e-15 1.315394127107964017e+01 3.022471278143338750e+14
2.505807664671719965e-14 4.159641639911369282e+01 1.927218380823977000e+15
7.924059598670079453e-14 1.315394296361598094e+02 1.228852268752522400e+16
2.505807664671720154e-13 4.159642719123359029e+02 7.835530801509859200e+16
7.924059598670080210e-13 1.315394984499548400e+03 4.996169556144926720e+17
2.505807664671719952e-12 4.159647106897391495e+03 3.185707626717446656e+18
7.924059598670080412e-12 1.315397782275937061e+04 2.031302774831468544e+19
2.505807664671719952e-11 4.159664946359157329e+04 1.295219601583348122e+20
7.924059598670079443e-11 1.315409157252059085e+05 8.258708830173914726e+20
2.505807664671719823e-10 4.159737476620118832e+05 5.266000565325992559e+21
6.294102340402880065e-10 1.044863470884503680e+06 2.318000248846496983e+22
1.581048498865440077e-09 2.624725318127635866e+06 9.755001047237952484e+22
3.971468905868240328e-09 6.593422759276088327e+06 3.911000419861366173e+23
4.999380256722129812e-09 8.300088957301760092e+06 5.259000564574514452e+23
9.973660358163070521e-09 1.655945277596233971e+07 1.435000154052943352e+24
1.990381941106679921e-08 3.304923568478573859e+07 3.833000411487757083e+24
3.972096407186489962e-08 6.596131779313476384e+07 1.006000107998091268e+25
7.924185644526630395e-08 1.316080093847228885e+08 2.604000279549731362e+25
1.581014062974550063e-07 2.626264499070829451e+08 6.676000716695085916e+25
1.990332065649240042e-07 3.306413058546697497e+08 8.738000938058967476e+25
3.154996954632020234e-07 5.241968143224269748e+08 1.629000174879612647e+26
4.999340805688509500e-07 8.307744451041343212e+08 3.029000325175167778e+26
6.294585892124059953e-07 1.046115873226798534e+09 4.129000443264531690e+26
7.297274574874419942e-07 1.212836431162999392e+09 5.036000540634580455e+26
9.659711465461129401e-07 1.605693994870832920e+09 6.860000736448216501e+26
1.531070004157449951e-06 2.545637824236928463e+09 1.272000136554246593e+27
2.505626619317229815e-06 4.167201606090307236e+09 2.356000252925947642e+27
3.971413797704639688e-06 6.607077610740722656e+09 4.362000468278005574e+27
4.827274286138380232e-06 8.032127427712361336e+09 5.662000607838164686e+27
6.077362848021670015e-06 1.011405548914059258e+10 7.702000826840256733e+27
7.926254650878219278e-06 1.319404660887738228e+10 1.048000112506957772e+28
9.977036098743710825e-06 1.661128935390529633e+10 1.425000152979403827e+28
1.256090353358289958e-05 2.091808467646994400e+10 1.938000208051989205e+28
1.521435398308599927e-05 2.534213245853654480e+10 2.503000268706980419e+28
1.990419383179329899e-05 3.316385198790668488e+10 3.404000365432905140e+28
2.505588590454810126e-05 4.175887568997399139e+10 4.628000496834160808e+28
3.024372644183889836e-05 5.041715533560087585e+10 5.949000638648752082e+28
3.971489631294249952e-05 6.622996361001472473e+10 8.089000868386241661e+28
5.000572051927819957e-05 8.341844774203338623e+10 1.100000118089364401e+29
6.151156195027369597e-05 1.026445215309031525e+11 1.450000155663252946e+29
6.545403224642419994e-05 1.092338315301944427e+11 1.495000160494181395e+29
8.485433908990789719e-05 1.416676294503403015e+11 2.033000218250616068e+29
1.019519492347279978e-04 1.702642063261661377e+11 2.597000278798253923e+29
1.105168346141630021e-04 1.845935491745559692e+11 2.892000310467674089e+29
1.255844187872880060e-04 2.098073243245630798e+11 3.290000353194552922e+29
1.634719590837540053e-04 2.732324660537502136e+11 4.473000480194296130e+29
1.990403777809609924e-04 3.328060048929890747e+11 5.816000624370673981e+29
2.505848850474829857e-04 4.191815074064707642e+11 7.538000809234206277e+29
2.572113693247030097e-04 4.302889404604096680e+11 7.805000837897715487e+29
2.593089631205649950e-04 4.338051260079811401e+11 7.890000847022802773e+29
2.706132143204149909e-04 4.527556920364780273e+11 8.352000896620335674e+29
2.885428399989249941e-04 4.828175180782496948e+11 9.098000976706395804e+29
2.978395063206590028e-04 4.984069017093899536e+11 9.491001018896505024e+29
3.058049637442810092e-04 5.117651018303709106e+11 9.831001055396855575e+29
3.417650712421429950e-04 5.720793360893746338e+11 1.083000116264346733e+30
1.261600000000000091e-03 2.116120882167353760e+12 2.154700231315593641e+30
1.894700000000000030e-03 3.179546289356852539e+12 3.427200367923517455e+30
2.672599999999999802e-03 4.486892976600857422e+12 5.267900565529965768e+30
3.606199999999999944e-03 6.056749458476196289e+12 7.797600837103297037e+30
4.709699999999999824e-03 7.913285412689656250e+12 1.114700119667467534e+31
7.496300000000000012e-03 1.260532689925553516e+13 2.089400224305379551e+31
1.119700000000000036e-02 1.884314414272504297e+13 3.584100384767354368e+31
1.599899999999999933e-02 2.694588773711746484e+13 5.761100618476942402e+31
2.207299999999999887e-02 3.720584052732117188e+13 8.811700945970956121e+31
2.947699999999999973e-02 4.972562620275716406e+13 1.294700138991181776e+32
4.268399999999999972e-02 7.208790729800114062e+13 2.162000232099277572e+32
6.219999999999999835e-02 1.051940804535795469e+14 3.847500413044389856e+32
7.317400000000000293e-02 1.238400086279327969e+14 5.046200541729590655e+32
7.595899999999999874e-02 1.285754010866001250e+14 5.371100576608895606e+32
8.500000000000000611e-02 1.439614001879228750e+14 7.186700771520757624e+32
8.999999999999999667e-02 1.524794137767866250e+14 8.022500861247203531e+32
9.500000000000000111e-02 1.610028211390876875e+14 8.933100959003726002e+32
1.000000000000000056e-01 1.695317959204553125e+14 9.925301065520331997e+32
1.049999999999999961e-01 1.780665298835774688e+14 1.100500118143041315e+33
1.100000000000000006e-01 1.866072275642648438e+14 1.217800130735661742e+33
1.150000000000000050e-01 1.951541088752380625e+14 1.345200144412557140e+33
1.199999999999999956e-01 2.037074056184462188e+14 1.483200159227404853e+33
1.250000000000000000e-01 2.122673579268361250e+14 1.632500175255352008e+33
1.300000000000000044e-01 2.208342157582205938e+14 1.793700192560811415e+33
1.350000000000000089e-01 2.294082355315577500e+14 1.967400211208195886e+33
1.400000000000000133e-01 2.379896833815918125e+14 2.154400231283387728e+33
1.449999999999999900e-01 2.465788324934590938e+14 2.355200252840064428e+33
1.499999999999999944e-01 2.551759582480566250e+14 2.570400275942638221e+33
1.549999999999999989e-01 2.637813435108489062e+14 2.800800300676991989e+33
1.600000000000000033e-01 2.723952746846481875e+14 3.046800327086068185e+33
1.650000000000000078e-01 2.810180375378025938e+14 3.309000355234278465e+33
1.700000000000000122e-01 2.896499272838890625e+14 3.588400385228977227e+33
1.749999999999999889e-01 2.982912434171164375e+14 3.885300417102370157e+33
1.799999999999999933e-01 3.069422855496996875e+14 4.200500450940339848e+33
1.849999999999999978e-01 3.156033583852287500e+14 4.534600486807300555e+33
1.900000000000000022e-01 3.242747682006147500e+14 4.888200524767663647e+33
1.950000000000000067e-01 3.329568212993180625e+14 5.261800564875106610e+33
2.000000000000000111e-01 3.416498280853196875e+14 5.656300607226245923e+33
2.049999999999999878e-01 3.503541017238865000e+14 6.072100651864025190e+33
2.099999999999999922e-01 3.590699575549123125e+14 6.510100698885063195e+33
2.149999999999999967e-01 3.677977107258712500e+14 6.970500748310830011e+33
2.200000000000000011e-01 3.765376782326780000e+14 7.454400800259415648e+33
2.250000000000000056e-01 3.852901806338713125e+14 7.962100854763024060e+33
2.300000000000000100e-01 3.940555388833616875e+14 8.494500911918276338e+33
2.349999999999999867e-01 4.028340758577806875e+14 9.052000971768112628e+33
2.399999999999999911e-01 4.116261159348151875e+14 9.635501034409154019e+33
2.449999999999999956e-01 4.204319806598355625e+14 1.024500109984139705e+34
2.500000000000000000e-01 4.292519950766050000e+14 1.088200116822587419e+34
2.600000000000000089e-01 4.469355002747436250e+14 1.222500131240225246e+34
2.700000000000000178e-01 4.646791476783042500e+14 1.369500147021258325e+34
2.800000000000000266e-01 4.824861265271933125e+14 1.530100164262305671e+34
2.899999999999999800e-01 5.003597180916994375e+14 1.705000183038514611e+34
2.999999999999999889e-01 5.183035406247523750e+14 1.896500203596799511e+34
3.099999999999999978e-01 5.363213088984850625e+14 2.104000225872747616e+34
3.200000000000000067e-01 5.544168683580050000e+14 2.330300250166950317e+34
3.300000000000000155e-01 5.725941132072497500e+14 2.574100276339847530e+34
3.400000000000000244e-01 5.908567165495800000e+14 2.836900304552470333e+34
3.499999999999999778e-01 6.092088950137293750e+14 3.121900335148351414e+34
3.599999999999999867e-01 6.276548915331650000e+14 3.427400367944987777e+34
3.699999999999999956e-01 6.461989176017865000e+14 3.756600403285913955e+34
3.800000000000000044e-01 6.648454847677196250e+14 4.109700441192600021e+34
3.900000000000000133e-01 6.835988687038095000e+14 4.486500481643574980e+34
4.000000000000000222e-01 7.024633029156217500e+14 4.888500524799869447e+34
4.099999999999999756e-01 7.214432806647927500e+14 5.317600570865456950e+34
4.199999999999999845e-01 7.405435263297636250e+14 5.775200619990633529e+34
4.299999999999999933e-01 7.597685122082211250e+14 6.259600671992894807e+34
4.400000000000000022e-01 7.791224885210525000e+14 6.772500727054745162e+34
4.500000000000000111e-01 7.986101143970856250e+14 7.317000785508980400e+34
4.600000000000000200e-01 8.182360686175842500e+14 7.891700847205305402e+34
4.699999999999999734e-01 8.380050162175762500e+14 8.499700912476516897e+34
4.799999999999999822e-01 8.579216056146555000e+14 9.139300981140114198e+34
4.899999999999999911e-01 8.779904268735305000e+14 9.813501053518160380e+34
5.000000000000000000e-01 8.982160891009228750e+14 1.052100112947109213e+35
5.100000000000000089e-01 9.186032150000025000e+14 1.126500120934244537e+35
5.200000000000000178e-01 9.391566575933572500e+14 1.204600129318589205e+35
5.300000000000000266e-01 9.598810336143501250e+14 1.286300138089408457e+35
5.400000000000000355e-01 9.807809849069192500e+14 1.371900147278907864e+35
5.600000000000000533e-01 1.023126619545486125e+15 1.554900166924683927e+35
5.799999999999999600e-01 1.066231163354258500e+15 1.754100188309594145e+35
5.999999999999999778e-01 1.110133414119537875e+15 1.971000211594669871e+35
6.199999999999999956e-01 1.154871780040750000e+15 2.205200236736969299e+35
6.400000000000000133e-01 1.200484530717084250e+15 2.458500263929728800e+35
6.600000000000000311e-01 1.247010807244195500e+15 2.730900293172949481e+35
6.800000000000000488e-01 1.294486884734377250e+15 3.022100324434424849e+35
6.999999999999999556e-01 1.342952060704155750e+15 3.335700358100628750e+35
7.199999999999999734e-01 1.392446118121358750e+15 3.669600393946118693e+35
7.399999999999999911e-01 1.443006234108381250e+15 4.025800432185603148e+35
7.600000000000000089e-01 1.494670403273376250e+15 4.404100472797608906e+35
7.800000000000000266e-01 1.547476861247125500e+15 4.806300515975373446e+35
8.000000000000000444e-01 1.601466333881836250e+15 5.233700561858459707e+35
8.199999999999999512e-01 1.656677491420778750e+15 5.684900610296569252e+35
8.399999999999999689e-01 1.713147255175736750e+15 6.161500661461470775e+35
8.599999999999999867e-01 1.770912717502680250e+15 6.663300715331692545e+35
8.800000000000000044e-01 1.830011111714806250e+15 7.192000772089734327e+35
9.000000000000000222e-01 1.890482158729108750e+15 7.749200831907364816e+35
9.200000000000000400e-01 1.952364046171549000e+15 8.333400894623553028e+35
9.399999999999999467e-01 2.015693078689527000e+15 8.946000960388594450e+35
9.599999999999999645e-01 2.080507793854394500e+15 9.588801029395723608e+35
9.799999999999999822e-01 2.146847492361379750e+15 1.026200110166641445e+36
1.000000000000000000e+00 2.214749437982487500e+15 1.096500117713625398e+36
1.020000000000000018e+00 2.284247848231192000e+15 1.169700125571935676e+36
1.040000000000000036e+00 2.355381089525310500e+15 1.246400133805985115e+36
1.060000000000000053e+00 2.428188456605241500e+15 1.326200142372831725e+36
1.080000000000000071e+00 2.502705506271160500e+15 1.409300151293946354e+36
1.100000000000000089e+00 2.578968588376607500e+15 1.495700160569329297e+36
1.120000000000000107e+00 2.657021630824139500e+15 1.586300170295598701e+36
1.139999999999999902e+00 2.736886987396320000e+15 1.678100180150692893e+36
1.159999999999999920e+00 2.818604987630517000e+15 1.776200190682117220e+36
1.179999999999999938e+00 2.902220456898090500e+15 1.875900201385307439e+36
1.199999999999999956e+00 2.987761872697719000e+15 1.980500212614532601e+36
1.219999999999999973e+00 3.075270767199264500e+15 2.088100224165819733e+36
1.239999999999999991e+00 3.164785700778424000e+15 2.200500236232405720e+36
1.260000000000000009e+00 3.256331445894762500e+15 2.314400248460022396e+36
1.280000000000000027e+00 3.349946421562559500e+15 2.434900261396175995e+36
1.300000000000000044e+00 3.445680664558984000e+15 2.558200274632919684e+36
1.320000000000000062e+00 3.543555379048987000e+15 2.685000288245403418e+36
1.340000000000000080e+00 3.643606246444830000e+15 2.816400302351713537e+36
