# nb[fm^-3]  rho[g/cm^3]  P[dyn/cm^2]  (cold beta-eq APR)
9.999999999999999799e-13 1.678476214907935855e+03 5.096268485798539559e+21
1.096478199999999959e-12 1.838560738265212649e+03 5.097550395879923384e+21
1.202264400000000085e-12 2.014090687561305231e+03 5.099063558344662843e+21
1.318256699999999992e-12 2.206556506596978579e+03 5.100851024819709280e+21
1.445439800000000034e-12 2.417592384871958075e+03 5.102964311572535575e+21
1.584893199999999954e-12 2.648989871786476215e+03 5.105463395715507028e+21
1.737800799999999984e-12 2.902713823624945235e+03 5.108420277724622356e+21
1.905460699999999840e-12 3.180918671221081695e+03 5.111919426992908272e+21
2.089296100000000165e-12 3.485966522295963841e+03 5.116059269478042567e+21
2.290867700000000199e-12 3.820447752080279315e+03 5.120956332231386726e+21
2.511886400000000055e-12 4.187202089505740332e+03 5.126744840913226301e+21
2.754228700000000126e-12 4.589344193970700871e+03 5.133581825383890682e+21
3.019951700000000043e-12 5.030288554406755793e+03 5.141648148736204866e+21
3.311311199999999838e-12 5.513779542316884545e+03 5.151150180597145534e+21
3.630780499999999889e-12 6.043922620309272133e+03 5.162323583189400945e+21
3.981071700000000294e-12 6.625219698497982790e+03 5.175434225025485373e+21
4.365158300000000181e-12 7.262606639583849756e+03 5.190779864296547418e+21
4.786300900000000027e-12 7.961495909144547113e+03 5.208690995646372512e+21
5.248074599999999699e-12 8.727822039740862238e+03 5.229531283347163054e+21
5.754399400000000256e-12 9.568092068214456958e+03 5.253697242726430409e+21
6.309573399999999684e-12 1.048944061378650258e+04 5.281617685447361692e+21
6.918309699999999657e-12 1.149969110107598317e+04 5.313753585705487958e+21
7.585775799999999206e-12 1.260742111838356504e+04 5.350596544948379582e+21
8.317637699999999973e-12 1.382203559742153448e+04 5.392669362254351696e+21
9.120108399999999481e-12 1.515384727897850462e+04 5.440526526989681558e+21
9.999999999999999395e-12 1.661416317530993911e+04 5.494756250588800877e+21
1.096478199999999959e-11 1.821538132226112066e+04 5.555983900603075002e+21
1.202264400000000044e-11 1.997109483856740189e+04 5.624875435887168586e+21
1.318256700000000033e-11 2.189621028225396367e+04 5.702144806081277198e+21
1.445439799999999994e-11 2.400707145977674008e+04 5.788560087347274711e+21
1.584893199999999954e-11 2.632159555054124576e+04 5.884950903602264670e+21
1.737800799999999943e-11 2.885943245767139524e+04 5.992219402359968629e+21
1.905460699999999840e-11 3.164212747085660158e+04 6.111349588870182207e+21
2.089296099999999842e-11 3.469330220590898534e+04 6.243416901131539841e+21
2.290867700000000037e-11 3.803886042485934013e+04 6.389602628556990448e+21
2.511886399999999975e-11 4.170719883794390626e+04 6.551202699619025814e+21
2.754228700000000126e-11 4.572946271780751704e+04 6.729646541952720568e+21
3.019951700000000205e-11 5.013979489224241843e+04 6.926506440966030754e+21
3.311311200000000242e-11 5.497563612978805031e+04 7.143517368520249704e+21
3.630780500000000132e-11 6.027803724694575794e+04 7.382593734660390388e+21
3.981071700000000294e-11 6.609201257340256416e+04 7.645847729928299086e+21
4.365158300000000181e-11 7.246691514736184035e+04 7.935612660139739316e+21
4.786300900000000189e-11 7.945686320587282535e+04 8.254464846413623722e+21
5.248074600000000023e-11 8.712119504203616816e+04 8.605253266389149417e+21
5.754399400000000095e-11 9.552497352851068717e+04 8.991126139114615734e+21
6.309573400000000007e-11 1.047395372348474630e+05 9.415565821557601206e+21
6.918309699999999819e-11 1.148431128374761465e+05 9.882426861493382283e+21
7.585775799999999529e-11 1.259214691269100731e+05 1.039597723431215510e+22
8.317637699999999973e-11 1.380686489944869536e+05 1.096094596941539705e+22
9.120108399999999804e-11 1.513877744179933507e+05 1.158257752293241153e+22
1.000000000000000036e-10 1.659919112958918267e+05 1.226669096954163416e+22
1.096478199999999992e-10 1.820050371040425671e+05 1.301975048751076606e+22
1.202264399999999948e-10 1.995630815852023079e+05 1.384894179051495542e+22
1.318256699999999936e-10 2.188151103504980856e+05 1.476226165738415797e+22
1.445439799999999962e-10 2.399245630267507222e+05 1.576861831429861933e+22
1.584893200000000083e-10 2.630706144384724321e+05 1.687794307881102003e+22
1.737800799999999879e-10 2.884497681284236605e+05 1.810132696146713667e+22
1.905460699999999969e-10 3.162774829838161240e+05 1.945116610378203765e+22
2.089296099999999907e-10 3.467899827094442444e+05 2.094133065513410809e+22
2.290867699999999908e-10 3.802463139990885393e+05 2.258736368355529825e+22
2.511886399999999781e-10 4.169304547941651545e+05 2.440669755295770293e+22
2.754228699999999803e-10 4.571538706082551507e+05 2.641892131177668123e+22
3.019951699999999817e-10 5.012580045714088483e+05 2.864605942106172686e+22
3.311311199999999983e-10 5.496172819756692043e+05 3.111291808351877752e+22
3.630780500000000002e-10 6.026422312619598815e+05 3.384746178713603591e+22
3.981071699999999906e-10 6.607830198368061101e+05 3.688126242482677822e+22
4.365158299999999923e-10 7.245332059775766684e+05 4.024999576949017805e+22
4.786300900000000189e-10 7.944340052153788274e+05 4.399402959598276261e+22
5.248074600000000281e-10 8.710788390484683914e+05 4.815908099204786946e+22
5.754399399999999707e-10 9.551183820119372103e+05 5.279698165660740957e+22
6.309573400000000007e-10 1.047266073373817839e+06 5.796654023825046477e+22
6.918309699999999561e-10 1.148304243433631491e+06 6.373454753164647465e+22
7.585775799999999529e-10 1.259090654844629811e+06 7.017689860546041060e+22
8.317637699999999715e-10 1.380565824285421753e+06 7.737989648334604101e+22
9.120108399999999546e-10 1.513761075320795178e+06 8.544173296771369481e+22
1.000000000000000062e-09 1.659807188426738605e+06 9.447416369428959540e+22
1.096478199999999966e-09 1.819944081212214194e+06 1.046044198174260472e+23
1.202264400000000103e-09 1.995531219457370928e+06 1.159773940610667842e+23
1.318256699999999936e-09 2.188059455425496213e+06 1.287581002123588424e+23
1.445439800000000065e-09 2.399163415698337834e+06 1.431344825671447866e+23
1.584893200000000083e-09 2.630635117614634801e+06 1.593205535808539412e+23
1.737800799999999982e-09 2.884439909777517896e+06 1.775600334906793279e+23
1.905460699999999969e-09 3.162732746816887986e+06 1.981303917051609895e+23
2.089296099999999803e-09 3.467876290534232743e+06 2.213474362261852127e+23
2.290867700000000063e-09 3.802461500973439775e+06 2.475705173326275019e+23
2.511886400000000194e-09 4.169328729648933280e+06 2.772083456066498048e+23
2.754228699999999907e-09 4.571593294305799529e+06 3.107257347155557603e+23
3.019951699999999817e-09 5.012670391478123143e+06 3.486509500130130458e+23
3.311311200000000190e-09 5.496305156991662458e+06 3.915842703523306652e+23
3.630780499999999899e-09 6.026603893776793033e+06 4.402074736485208078e+23
3.981071699999999906e-09 6.608069447704343125e+06 4.952946633533868506e+23
4.365158299999999716e-09 7.245638748163203709e+06 5.577244324564872452e+23
4.786300899999999775e-09 7.944725496472154744e+06 6.284936828889419156e+23
5.248074599999999867e-09 8.711265681019444019e+06 7.087331435251980179e+23
5.754399399999999707e-09 9.551768079000085592e+06 7.997250012672979548e+23
6.309573399999999593e-09 1.047336940420836769e+07 9.029228115648926418e+23
6.918309699999999767e-09 1.148389561692612059e+07 1.019974033034460621e+24
7.585775800000000563e-09 1.259192737478610128e+07 1.152745381600450295e+24
8.317637700000000749e-09 1.380687330516492389e+07 1.303351689941929333e+24
9.120108399999999753e-09 1.513904817694131285e+07 1.430254394314795057e+24
1.000000000000000021e-08 1.659976432146536373e+07 1.618150174823316462e+24
1.096478199999999925e-08 1.820142730551771447e+07 1.831275971841584217e+24
1.202264400000000020e-08 1.995763740805618837e+07 2.073006313771744677e+24
1.318256700000000060e-08 2.188330954901918024e+07 2.347162199008238679e+24
1.445439799999999941e-08 2.399479725608909130e+07 2.658069030417636606e+24
1.584893200000000000e-08 2.631002894082476571e+07 3.010622586219445036e+24
1.737800800000000106e-08 2.884866745453964919e+07 3.410364307866971705e+24
1.905460700000000134e-08 3.163227295127053186e+07 3.863566212625603127e+24
2.089296100000000134e-08 3.468448409135901928e+07 4.377325545568532167e+24
2.290867699999999980e-08 3.803122413162171841e+07 4.959674929365722253e+24
2.511886400000000112e-08 4.170091205291504413e+07 5.619702081737844899e+24
2.754228700000000155e-08 4.572471857234289497e+07 6.367691155597045476e+24
3.019951700000000065e-08 5.013681552930310369e+07 7.215277562195189179e+24
3.311311200000000273e-08 5.497467680206865817e+07 8.175625811691733955e+24
3.630780499999999733e-08 6.027939092440203577e+07 9.263628483711815077e+24
3.981071699999999741e-08 6.609601524563664198e+07 1.049613465258318180e+25
4.365158300000000212e-08 7.247395177807563543e+07 1.189220485434497737e+25
4.786300900000000271e-08 7.946737459952077270e+07 1.347340019049565489e+25
5.248074599999999702e-08 8.713568555934599042e+07 1.526410893722755064e+25
5.754399400000000038e-08 9.554401993635636568e+07 1.729192062455117550e+25
6.309573399999999924e-08 1.047637986819058061e+08 1.958803733962229058e+25
6.918309699999999933e-08 1.148733422768981606e+08 2.218775565039921934e+25
7.585775799999999901e-08 1.259585262744861841e+08 2.513099393015362383e+25
8.317637699999999425e-08 1.381135149718064964e+08 2.846290150109913220e+25
9.120108399999999753e-08 1.514415685069804788e+08 3.223454266182830819e+25
9.999999999999999547e-08 1.660559098423730433e+08 3.650366398284602847e+25
1.096478199999999991e-07 1.820806950648018420e+08 4.133557817992753142e+25
1.202264399999999888e-07 1.996520569233709574e+08 4.680414379427919145e+25
1.318256699999999994e-07 2.189192917786401510e+08 5.299289185669184218e+25
1.445439800000000073e-07 2.400461014136914015e+08 5.999628034320116719e+25
1.584893200000000067e-07 2.632119584599941075e+08 6.792111828621663683e+25
1.737800800000000106e-07 2.886135150700963736e+08 7.454511984924312625e+25
1.905460700000000068e-07 3.164667122684412003e+08 8.438363868835324002e+25
2.089296099999999936e-07 3.470082395033684373e+08 9.551529859383860892e+25
2.290867700000000046e-07 3.804976278574264050e+08 1.081095397764582703e+26
2.511886400000000046e-07 4.172194048947703838e+08 1.223579438139511073e+26
2.754228699999999956e-07 4.574856594179600477e+08 1.384771841632680754e+26
3.019951699999999801e-07 5.016385414052803516e+08 1.567122437898023556e+26
3.311311200000000141e-07 5.500532776833159924e+08 1.773401529017993909e+26
3.630780500000000130e-07 6.031413053170000315e+08 2.006741651716833943e+26
3.981071700000000138e-07 6.613538216513775587e+08 2.270684993991881239e+26
4.365158300000000080e-07 7.251855519403607845e+08 2.569236541920605596e+26
4.786300899999999477e-07 7.951790344329667091e+08 2.906925315474202005e+26
5.248074599999999967e-07 8.719291889146476984e+08 3.288872213384184599e+26
5.754399399999999641e-07 9.560883111031308174e+08 3.606487850574600215e+26
6.309573400000000189e-07 1.048370619923760891e+09 4.080101669032231620e+26
6.918309699999999933e-07 1.149561547826187134e+09 4.615743650739116036e+26
7.585775800000000166e-07 1.260521271967033386e+09 5.221518586299739848e+26
8.317637699999999954e-07 1.382193041584411621e+09 5.906585351011255114e+26
9.120108399999999488e-07 1.515610737816921234e+09 6.440536374567430073e+26
9.999999999999999547e-07 1.661906561472083569e+09 7.283132565809388294e+26
1.096478199999999911e-06 1.822326301196817398e+09 8.236002859761659922e+26
1.202264399999999940e-06 1.998233809773309469e+09 9.313715434290463327e+26
1.318256699999999994e-06 2.191124910319420338e+09 1.053278052932478713e+27
1.445439799999999915e-06 2.402639849443722248e+09 1.191184246248833625e+27
1.584893199999999961e-06 2.634576977186102867e+09 1.347184634806192735e+27
1.737800800000000053e-06 2.888905995487689018e+09 1.474235626604901357e+27
1.905460699999999962e-06 3.167789530855608940e+09 1.667318703607021667e+27
2.089296099999999883e-06 3.473601183616936207e+09 1.885671862681438778e+27
2.290867700000000099e-06 3.808942003183916569e+09 2.132598546321168026e+27
2.511886399999999834e-06 4.176663738350689888e+09 2.411833389642601247e+27
2.754228700000000168e-06 4.579894585297511101e+09 2.727599288026399935e+27
3.019951700000000012e-06 5.022064291010791779e+09 3.084670661356543672e+27
3.311311199999999929e-06 5.506934432204691887e+09 3.488446130710486107e+27
3.630780500000000025e-06 6.038629561523060799e+09 3.822817431384878359e+27
3.981071700000000138e-06 6.621660157886932373e+09 4.323119426795758669e+27
4.365158300000000080e-06 7.260997356250438690e+09 4.888839964258929246e+27
4.786300899999999689e-06 7.962081108100659370e+09 5.528529308138948226e+27
5.248074599999999967e-06 8.730877046759000778e+09 6.251855317664268047e+27
5.754399399999999853e-06 9.573927433662076950e+09 7.069749217174750967e+27
6.309573399999999765e-06 1.049840680161639404e+10 7.994570579870369854e+27
6.918309700000000356e-06 1.151217159307617378e+10 8.752319760825598158e+27
7.585775799999999742e-06 1.262384123377852440e+10 9.897106521046048289e+27
8.317637700000000590e-06 1.384289299521372795e+10 1.119154336065521520e+28
9.120108399999999276e-06 1.517970432531763268e+10 1.265518809134756000e+28
1.000000000000000082e-05 1.664565556675547791e+10 1.431015415253827385e+28
1.096478199999999954e-05 1.825322784646780396e+10 1.618144460139272272e+28
1.202264399999999940e-05 2.001610838918860626e+10 1.829733016873054748e+28
1.318256699999999951e-05 2.194931030364725494e+10 2.068977702469304997e+28
1.445439799999999957e-05 2.406929799335515976e+10 2.339492847941287253e+28
1.584893200000000088e-05 2.639412508338067245e+10 2.645364844322121248e+28
1.737800800000000053e-05 2.894356964797725296e+10 2.893277788847717428e+28
1.905460700000000132e-05 3.173928956980623245e+10 3.271523963564088921e+28
2.089296100000000137e-05 3.480516638747208405e+10 3.699205254531453725e+28
2.290867700000000015e-05 3.816732268845633698e+10 4.182782499116739432e+28
2.511886399999999918e-05 4.185440247830717468e+10 4.729559896022541866e+28
2.754228699999999999e-05 4.589783053540694427e+10 5.347797536608456912e+28
3.019951700000000097e-05 5.033206551768039703e+10 6.046833021986541522e+28
3.311311199999999929e-05 5.519490516803587341e+10 6.837227231044358558e+28
3.630780499999999855e-05 6.052780366511843109e+10 7.730917796693709522e+28
3.981071700000000138e-05 6.637623125192315674e+10 8.741406580244135820e+28
4.365158300000000080e-05 7.278972950105644226e+10 9.546027472344188410e+28
4.786300899999999689e-05 7.982323506857498169e+10 1.079371897050064970e+29
5.248074599999999967e-05 8.753674427547830200e+10 1.220432235152442282e+29
5.754399400000000022e-05 9.599604654109196472e+10 1.379580008555395833e+29
6.309573399999999935e-05 1.052732162968299255e+11 1.553807550308966240e+29
6.918309699999999679e-05 1.154471165254045715e+11 1.740382599055158678e+29
7.585775799999999573e-05 1.266050095423122101e+11 1.965138335529600110e+29
8.317637700000000251e-05 1.388412562190902710e+11 2.065183348602724441e+29
9.120108399999999954e-05 1.522583634597251892e+11 2.083572712895113189e+29
1.096478200000000055e-04 1.831015708369126892e+11 2.249758482277934218e+29
1.202264400000000008e-04 2.007925316832112732e+11 2.543784360782476419e+29
1.318256699999999985e-04 2.201936464532371216e+11 2.876256423526610553e+29
1.445439800000000025e-04 2.414703514077011108e+11 3.252186188757676445e+29
1.584893199999999884e-04 2.648040679149126892e+11 3.677252607293807050e+29
1.737800800000000121e-04 2.903938274285135498e+11 4.157879007816405150e+29
1.905460700000000064e-04 3.184579335860273438e+11 4.701328732932224909e+29
2.089296100000000069e-04 3.492334195833713379e+11 5.077276379961725708e+29
2.290867699999999947e-04 3.829847035294440918e+11 5.740727362300280313e+29
2.511886399999999986e-04 4.199997880621251221e+11 6.490888134921525476e+29
2.754228699999999863e-04 4.605945945551759644e+11 7.339095593065545981e+29
3.019951700000000233e-04 5.051155794557213745e+11 8.298168299105322263e+29
3.311311199999999793e-04 5.539428102272746582e+11 9.382601896694709790e+29
3.630780499999999855e-04 6.074921931417500000e+11 1.011459517098333478e+30
3.981071700000000002e-04 6.662137242320249023e+11 1.089049841036271539e+30
4.365158299999999944e-04 7.306047915946589355e+11 1.112560052599710976e+30
4.786300899999999824e-04 8.012142253147736816e+11 1.193571267771907706e+30
5.248074599999999696e-04 8.786416789376529541e+11 1.210234261037642322e+30
5.754399400000000022e-04 9.635456842403316650e+11 1.293825430121490230e+30
6.309573399999999664e-04 1.056648958082423340e+12 1.381832878924860968e+30
6.918309699999999679e-04 1.158743359949201660e+12 1.474539439534248560e+30
7.585775800000000386e-04 1.270697308104792236e+12 1.572314462549582869e+30
8.317637699999999709e-04 1.393463282997788818e+12 1.675647412745549907e+30
9.120108399999999954e-04 1.528086102085351807e+12 1.785194440410570624e+30
1.000000000000000021e-03 1.675711842081938965e+12 1.901839099869536414e+30
1.096478199999999974e-03 1.837596661995681152e+12 2.158729579459221753e+30
1.202264399999999900e-03 2.015115328289811279e+12 2.302398374504379906e+30
1.318256700000000094e-03 2.209783923831202148e+12 2.457791897681897376e+30
1.445439800000000025e-03 2.423258658938125000e+12 2.794851924170964513e+30
1.584893200000000047e-03 2.657352696936143555e+12 2.990808847261854333e+30
1.737800799999999904e-03 2.914068857059156738e+12 3.404734804816343161e+30
1.905460699999999901e-03 3.195580315613688477e+12 3.655641263435967150e+30
2.089296100000000069e-03 3.504299913182206055e+12 4.166610390015845378e+30
2.290867700000000055e-03 3.842845362473121582e+12 4.493214349425360514e+30
2.511886400000000203e-03 4.214107887033160645e+12 5.127996053516529511e+30
2.754228699999999863e-03 4.621261105687648438e+12 5.560612637533573967e+30
3.019951700000000124e-03 5.067746503378044922e+12 6.355330691609710935e+30
3.311311200000000010e-03 5.557399194111664062e+12 7.264582846899237986e+30
3.630780499999999855e-03 6.094396937994764648e+12 8.305180029989214253e+30
3.981071699999999894e-03 6.683292271037845703e+12 9.094611927198191371e+30
4.365158299999999728e-03 7.329124848694899414e+12 1.041516374047406692e+31
4.786300900000000150e-03 8.037417961333566406e+12 1.193051573563146314e+31
5.248074600000000346e-03 8.814220144033650391e+12 1.367043458277749914e+31
5.754399399999999588e-03 9.666149528866705078e+12 1.515330440065932658e+31
6.309573399999999881e-03 1.060046065452099023e+13 1.740172354803535286e+31
6.918309699999999896e-03 1.162517420107064648e+13 1.994753452032769078e+31
7.585775799999999736e-03 1.274903308510911328e+13 2.271779826310317073e+31
8.317637699999999926e-03 1.398164679133557031e+13 2.612645961237240374e+31
9.120108400000000171e-03 1.533357430347783984e+13 3.006659602765278794e+31
1.000000000000000021e-02 1.681638813272996289e+13 3.462499331841011159e+31
1.096478199999999931e-02 1.844277051380254688e+13 3.929482818326066904e+31
1.202264400000000073e-02 2.022662327535969531e+13 4.539135852785549450e+31
1.318256699999999920e-02 2.218328465634679688e+13 5.246779284285724392e+31
1.445439800000000025e-02 2.432954082790536328e+13 6.068069503554046869e+31
1.584893199999999960e-02 2.668381193087883594e+13 7.020643624277450330e+31
1.737800800000000034e-02 2.926631943867571875e+13 8.124028317763453771e+31
1.905460700000000118e-02 3.209925726571315234e+13 9.399336232696636526e+31
2.089296100000000156e-02 3.520698148382769531e+13 1.086866050887161371e+32
2.290867699999999882e-02 3.861622506033502344e+13 1.255406777632098758e+32
2.511886400000000116e-02 4.235631686554966406e+13 1.447607988272336891e+32
2.754228699999999863e-02 4.645944471985783594e+13 1.665159020195607606e+32
3.019951699999999864e-02 5.096206300859376562e+13 1.684052468714817416e+32
3.311311200000000010e-02 5.589730233780764844e+13 1.711312452586906383e+32
3.630780499999999855e-02 6.130868399461453125e+13 1.741202426881985754e+32
5.248074600000000173e-02 8.869949825405825000e+13 2.122908541002675370e+32
5.754399400000000109e-02 9.728318955414845312e+13 2.773606652383509983e+32
6.309573400000000054e-02 1.067013308284326406e+14 3.235064395388599989e+32
6.918309699999999896e-02 1.170349599567098594e+14 4.122557574805955176e+32
7.585775799999999736e-02 1.283760474940311562e+14 5.197453113426817739e+32
8.317637699999999579e-02 1.408240729119517812e+14 6.504948287391120285e+32
9.120108400000000171e-02 1.544850736086700312e+14 7.624561461386738755e+32
1.000000000000000056e-01 1.694812155472086562e+14 9.555677946599692778e+32
1.096478199999999931e-01 1.859474673854124062e+14 1.199787741905732020e+33
1.202264400000000039e-01 2.040320568556476562e+14 1.513511106759982661e+33
1.318256700000000059e-01 2.238944906096503438e+14 1.867536944984711274e+33
1.445439799999999886e-01 2.457233419357627500e+14 2.411351082217596471e+33
1.584893199999999891e-01 2.697261163720085000e+14 3.146165655578270230e+33
1.737800800000000034e-01 2.961369714292427500e+14 4.094023429165870295e+33
1.905460700000000118e-01 3.252222679831306875e+14 5.467974254208594229e+33
2.089296099999999878e-01 3.572874437874263750e+14 7.358904226425098758e+33
2.290867699999999951e-01 3.926849806340851875e+14 9.953510350699802731e+33
2.511886400000000186e-01 4.318239643829824375e+14 1.348894208119343613e+34
2.754228699999999863e-01 4.751814375415186250e+14 1.825717299909284267e+34
3.019951699999999795e-01 5.233151797551204375e+14 2.461784380291826023e+34
3.311311200000000010e-01 5.768789029421740000e+14 3.299959478849014002e+34
3.630780499999999855e-01 6.366400607036520000e+14 4.392076669045845910e+34
3.981071700000000102e-01 7.035013869461335000e+14 5.800816142316713642e+34
4.365158299999999936e-01 7.785173192577032500e+14 7.586632030681304990e+34
4.786300900000000080e-01 8.629416567368425000e+14 9.864806499307600265e+34
5.248074600000000034e-01 9.582616402178440000e+14 1.273757168500911698e+35
5.754399399999999831e-01 1.066235987361242500e+15 1.633949679654695975e+35
6.309573400000000332e-01 1.188951622432174750e+15 2.083234847188973760e+35
6.918309700000000451e-01 1.328851754899815250e+15 2.634643168052888811e+35
7.585775799999999736e-01 1.488872638029866000e+15 3.322483684562797426e+35
8.317637700000000134e-01 1.672534004252846500e+15 4.169330181736291624e+35
9.120108399999999893e-01 1.883961769069204750e+15 5.198124593132608723e+35
1.000000000000000000e+00 2.128042541929404250e+15 6.465543570262177568e+35
1.096478199999999958e+00 2.410707407979995000e+15 8.010182649577505556e+35
1.202264400000000011e+00 2.738915159156519000e+15 9.873936298137978040e+35
1.318256700000000059e+00 3.120857183647876500e+15 1.214649354696620800e+36
1.445439799999999941e+00 3.566495998606487000e+15 1.489447205170971432e+36
1.584893200000000002e+00 4.087560029812698000e+15 1.821086708633037131e+36
